Running for 100.0 seconds (100 samples at 1.0 second intervals).
Power measurements will start in 0 seconds time.

  Time    User  Nice   Sys  Idle    IO  Run Ctxt/s  IRQ/s Fork Exec Exit  Watts    dram  pkg-0   dram  pkg-1
00:15:08  20.5   0.0   8.9  70.6   0.0   26 3106033   9550   50   26  102  93.17    8.85  47.49   7.36  45.68
00:15:09  22.1   0.0   8.2  69.8   0.0   21 3717286  36579   58   18  123  91.80    8.19  48.61   7.24  43.18
00:15:10  21.2   0.0   8.8  70.0   0.0   20 3617027  19436   34    7   13  93.90    8.66  48.58   7.36  45.33
00:15:11  23.9   0.0   8.3  67.8   0.0   21 2931632  67274   49   13   22  94.13    8.19  50.27   7.45  43.86
00:15:12  21.6   0.0   8.6  69.8   0.0   37 4823624   8113   17    6   24  94.65    8.69  50.34   7.33  44.30
00:15:13  21.2   0.0   8.8  69.9   0.0   22 3986374  17646   47   23   17  93.42    8.37  50.73   7.52  42.69
00:15:14  21.3   0.0   8.4  70.3   0.0   20 4608664   5486   49    8   19  94.89    8.75  47.95   7.38  46.94
00:15:15  21.0   0.0   9.1  70.0   0.0   22 3648701   9052   26    2   26  93.92    8.34  48.80   7.28  45.12
00:15:16  22.8   0.0   8.8  68.3   0.0   39 3689904  11227   14    2    2  96.07    9.10  49.95   7.45  46.12
00:15:17  21.9   0.0   7.8  70.3   0.0   22 2838798   7734   38    2   14  92.24    8.36  49.04   7.65  43.21
00:15:18  21.6   0.0   8.8  69.6   0.0   20 3374566  11253   48   12    9  95.31    8.50  49.64   7.33  45.67
00:15:19  19.5   0.0  10.2  70.4   0.0   21 5030565   8202    7    5   34  99.34    9.01  50.58   7.47  48.76
00:15:20  18.1   0.0  11.8  70.1   0.0   20 4020422  12297   14    2    2  97.28    9.29  51.08   7.92  46.19
00:15:21  21.6   0.0   9.5  68.8   0.0   35 3496725  69941   14    2    2  93.63    8.50  49.73   7.70  43.90
00:15:22  21.7   0.0   8.6  69.7   0.0   26 3461326   7159   38    2  158  95.40    8.53  50.45   7.33  44.95
00:15:23  21.6   0.0   8.2  70.1   0.0   20 4366113   5410   35   11    8  94.77    8.39  50.16   7.29  44.61
00:15:24  19.0   0.0  10.9  70.1   0.0   20 4315696   5353   18    4   21  97.08    9.05  50.73   7.55  46.35
00:15:25  19.4   0.0  10.6  70.0   0.0   32 3935601  12804   14    2   14  94.65    8.72  49.64   8.08  45.02
00:15:26  24.0   0.0   7.1  68.9   0.0   27 3240674  17745   50    2    2  90.78    8.01  48.78   7.27  42.01
00:15:27  23.4   0.0   7.9  68.7   0.0   32 3288575   7554   27    2   15  96.64    8.78  52.22   7.45  44.41
00:15:28  22.6   0.0   7.8  69.7   0.0   53 3641639   6951   48   12    9  91.96    8.28  50.54   7.80  41.42
00:15:29  22.0   0.0   8.0  70.0   0.0   20 3474240  10186   43    5   34  92.93    8.28  48.59   7.18  44.35
00:15:30  23.7   0.0   6.7  69.6   0.0   22 3324004   7229   47    2    2  90.25    8.11  48.61   7.06  41.64
00:15:31  20.9   0.0  10.0  69.1   0.0   36 4754402  10334    5    2   14  96.70    8.60  50.64   7.36  46.06
00:15:32  23.8   0.0   6.7  69.5   0.0   20 4293953   6600   50    2    2  93.55    8.33  50.74   7.37  42.81
00:15:33  18.2   0.0  10.3  71.5   0.0   19 5303569   6926   12   12    9  97.89    9.31  49.13   7.86  48.77
00:15:34  15.0   0.0  14.5  70.5   0.0   19 4665451   5686    7    5   10  98.31    9.30  50.79   7.89  47.52
00:15:35  19.4   0.0  10.8  69.8   0.0   32 3944045  34535   16    2  158  94.25    8.77  49.49   7.74  44.76
00:15:36  21.9   0.0   8.4  69.8   0.0   34 4326614  12051   38    2    2  91.66    8.37  49.46   7.36  42.20
00:15:37  21.5   0.0   8.2  70.3   0.0   20 3764803   7702   26    2   14  95.74    8.75  49.60   7.37  46.14
00:15:38  21.2   0.0   9.6  69.2   0.0    9 3974331   6242   36   12   10  95.57    8.62  51.32   7.67  44.25
00:15:39  21.8   0.0   8.3  69.9   0.0   20 3833216   7801   34    8   25  93.99    8.63  48.01   7.13  45.99
00:15:40  19.9   0.0  10.0  70.1   0.0   20 3723301   9468   26    2    2  94.03    8.98  48.76   7.36  45.28
00:15:41  21.5   0.0   9.9  68.6   0.0   44 4342600  40241    6    2   14  93.38    8.13  50.33   7.65  43.05
00:15:42  22.4   0.0   7.7  69.9   0.0   37 3456482   7490   46    2  166  93.51    8.40  49.06   7.36  44.45
00:15:43  23.9   0.0   7.4  68.7   0.0   22 3570306  12123   60   12    9  93.32    8.23  50.02   7.26  43.30
00:15:44  20.6   0.0   8.7  70.7   0.0   20 3727918   7176   19    5   22  95.87    8.94  48.67   7.42  47.20
00:15:45  19.4   0.0  10.5  70.2   0.0   24 4280947   5690   17    5   17  95.33    9.24  49.58   7.39  45.75
00:15:46  22.3   0.0   8.9  68.9   0.0   20 3448658  39595   38    2   14  93.63    8.57  49.66   7.58  43.97
00:15:47  22.8   0.0   7.6  69.6   0.0   10 3248881  16460   38    2    2  92.08    8.37  48.64   7.13  43.43
00:15:48  22.3   0.0   8.4  69.3   0.0   21 3900839   6319   36   12   33  95.14    8.78  50.19   7.14  44.95
00:15:49  22.2   0.0   8.2  69.6   0.0   25 3881875   7694   31    5   10  94.15    8.53  49.22   7.27  44.93
00:15:50  23.0   0.0   6.9  70.1   0.0   27 3412574   7360   26    2  194  92.20    8.65  48.20   7.13  44.00
00:15:51  20.4   0.0   9.8  69.9   0.0   32 4497349  16652   26    2    2  95.69    8.67  49.81   7.53  45.89
00:15:52  19.1   0.0  10.3  70.5   0.0   21 5113606   5209   14    2    2  97.87    8.83  50.10   7.70  47.77
00:15:53  15.8   0.0  14.3  70.0   0.0   21 4478994 138487   12   12    9  99.17    9.63  51.16   8.10  48.01
00:15:54  19.8   0.0  10.5  69.7   0.0   26 3989840   9655   19    5   10  93.35    8.49  50.15   7.97  43.20
00:15:55  21.4   0.0   8.6  70.0   0.0   19 3357415   6245   38    2    2  95.03    8.80  49.42   7.23  45.60
00:15:56  18.8   0.0  10.7  70.4   0.0   20 4524157  10726    2    2    2  96.55    8.89  50.27   7.76  46.28
00:15:57  20.3   0.0   9.6  70.1   0.0   31 3173719  17035   28    1   13  95.34    9.47  48.85   7.80  46.49
00:15:58  21.7   0.0   8.7  69.6   0.0   42 3799326   6097   44   11   20  91.92    8.06  49.23   7.43  42.70
00:15:59  23.6   0.0   7.7  68.8   0.0   26 3685432   5572   43    5   10  95.22    8.52  49.89   7.15  45.33
00:16:00  19.7   0.0  10.1  70.1   0.0   44 5268468   5619   14    2  170  97.33    9.22  49.23   7.14  48.09
00:16:01  20.4   0.0  10.4  69.2   0.0   34 4156418  10703   27    2   15  95.07    8.85  49.56   7.34  45.52
00:16:02  20.3   0.0   9.4  70.3   0.0   32 3898427  24044   26    2    2  95.02    8.53  49.91   7.74  45.11
00:16:03  22.7   0.0   7.4  69.8   0.0   20 3418584   7551   48   12    9  92.15    8.35  49.52   7.53  42.62
00:16:04  23.3   0.0   7.8  68.9   0.0   21 2588009   7637   34    5   22  93.79    8.22  49.85   7.36  43.94
00:16:05  21.6   0.0   8.3  70.0   0.0   20 3181014   5647   28    2   26  94.60    8.86  48.62   7.19  45.98
00:16:06  19.5   0.0  11.1  69.4   0.0   26 4572170  11185   21    2    2  95.68    8.42  51.25   7.71  44.42
00:16:07  20.1   0.0   9.9  70.0   0.0   19 4880885   7697   26    2   14  96.04    9.05  49.61   7.28  46.43
00:16:08  20.3   0.0   9.3  70.4   0.0   27 3954700   9956   24   12    9  94.52    8.45  49.23   7.67  45.29
00:16:09  17.9   0.0  12.8  69.3   0.0   22 5248420   8428   19    5   10  99.72    9.33  51.58   7.76  48.14
00:16:10  20.7   0.0   9.8  69.5   0.0   25 3499399  19705   14    2   14  93.31    8.13  50.37   7.55  42.93
  Time    User  Nice   Sys  Idle    IO  Run Ctxt/s  IRQ/s Fork Exec Exit  Watts    dram  pkg-0   dram  pkg-1
00:16:11  21.7   0.0   9.5  68.8   0.0   31 3482484  17833   39    2    2  95.84    9.01  49.17   7.65  46.67
00:16:12  22.7   0.0   7.5  69.8   0.0   35 3575247  12581   38    2  134  90.86    7.98  48.48   7.30  42.38
00:16:13  23.4   0.0   7.3  69.3   0.0   32 3054291   6806   48   12   21  93.19    8.28  49.60   7.16  43.59
00:16:14  20.1   0.0   9.6  70.3   0.0   22 3783954   5287   19    5   10  97.57    8.83  50.35   7.62  47.22
00:16:15  18.7   0.0  11.3  70.0   0.0   20 4025366  30345   14    2   15  96.95    9.35  49.49   7.86  47.46
00:16:16  21.3   0.0   9.7  69.0   0.0   35 3624037  68261   14    2    2  93.24    8.19  49.99   7.79  43.25
00:16:17  21.6   0.0   8.0  70.3   0.0   23 3963460   5619   38    2    2  94.25    8.54  48.94   7.23  45.31
00:16:18  19.9   0.0  10.4  69.7   0.0   21 5544091   7957   24   12   21  98.88    9.19  50.91   7.54  47.97
00:16:19  17.0   0.0  13.0  70.0   0.0   32 5070954  29141    7    5   22  98.18    8.70  51.58   8.31  46.60
00:16:20  23.1   0.0   8.1  68.8   0.0   27 3571841   6203   26    2   14  94.82    8.86  50.72   7.52  44.10
00:16:21  21.4   0.0   9.1  69.5   0.0   27 3315897  58797   38    2   14  92.45    8.34  48.58   7.71  43.88
00:16:22  23.5   0.0   6.6  70.0   0.0   33 3119786   6620   38    2  146  93.24    8.44  48.70   7.16  44.53
00:16:23  20.5   0.0   9.7  69.8   0.0   21 3495053  10227   36   12    9  95.06    8.40  49.61   7.19  45.44
00:16:24  19.2   0.0  11.0  69.8   0.0   20 4465698  62011   19    5   10  97.40    9.15  49.42   7.45  47.97
00:16:25  21.4   0.0   9.2  69.4   0.0   26 3877697  31915   26    2    2  94.15    8.33  49.84   7.64  44.30
00:16:26  21.2   0.0  10.2  68.5   0.0   21 5202175  42086   26    2   15  96.97    8.89  51.35   7.33  45.62
00:16:27  19.6   0.0  10.4  70.0   0.0   28 4481010 110905    4    2  182  93.12    8.48  50.00   7.65  43.12
00:16:28  21.0   0.0   8.9  70.1   0.0   22 4134831   5579   49   12   10  94.87    8.70  49.86   7.20  45.02
00:16:29  22.2   0.0   8.2  69.6   0.0   21 4559296   6819   55    5   34  91.45    8.05  50.24   7.42  41.22
00:16:30  18.9   0.0  10.9  70.2   0.0   28 4394023  12350    2    2    2  96.19    8.80  49.29   7.44  46.90
00:16:31  24.6   0.0   6.7  68.8   0.0   32 3186066  11278   28    1    1  94.45    8.65  49.17   7.18  45.28
00:16:32  19.5   0.0  10.2  70.3   0.0   21 4693037  13275   34    1   13  95.96    9.16  50.09   7.48  45.87
00:16:33  19.4   0.0  10.8  69.8   0.0   20 5288056  21011   24   12    9  96.94    8.58  51.00   7.84  45.94
00:16:34  20.9   0.0   9.1  70.0   0.0   20 4642934  14616   31    5   22  94.11    8.46  50.23   7.72  43.88
00:16:35  20.8   0.0   9.0  70.1   0.0   30 4147116  11816   14    2   14  93.11    8.65  48.74   7.60  44.37
00:16:36  22.5   0.0   9.0  68.5   0.0   42 2586106  23398   26    2    2  94.55    8.51  49.13   7.44  45.42
00:16:37  19.9   0.0   9.7  70.4   0.0   22 4597574  76714   38    2    2  96.08    8.71  49.87   7.53  46.21
00:16:38  18.7   0.0  11.3  70.1   0.0   36 4466806  57476   12   12    9  95.17    8.81  50.00   7.81  45.17
00:16:39  20.3   0.0   9.6  70.1   0.0   31 3051452  23455   31    5  190  94.11    8.47  50.22   7.92  43.89
00:16:40  22.7   0.0   7.6  69.7   0.0   26 3160826   5811   42    2    2  92.46    8.38  48.38   7.12  44.07
00:16:41  23.9   0.0   7.7  68.4   0.0   23 2944968  11277   46    2   14  93.58    8.45  49.88   7.28  43.69
00:16:42  19.9   0.0  10.1  70.0   0.0   21 4272712   7881   14    2   14  97.64    9.12  51.01   7.37  46.63
00:16:43  19.5   0.0  10.8  69.6   0.0   24 4521192  13233   24   12   21  95.65    8.63  51.13   7.86  44.52
00:16:44  21.1   0.0   9.1  69.8   0.0   23 4304853  15555   31    5   10  93.66    8.61  50.50   7.58  43.17
00:16:45  22.6   0.0   7.2  70.3   0.0   20 3010279   5532   38    2    2  93.97    8.76  47.65   7.12  46.33
00:16:46  22.7   0.0   8.6  68.7   0.0   21 3790324  19965   26    2   14  93.99    8.90  49.16   7.12  44.82
00:16:47  19.8   0.0  11.1  69.1   0.0   25 4057070  45098   14    2   14  98.62    9.13  51.63   7.66  46.99
-------- ----- ----- ----- ----- ----- ---- ------ ------ ---- ---- ---- ------  ------ ------ ------ ------
 Average  21.0   0.0   9.3  69.7   0.0 25.7 3945418.5 18802.6 28.9  5.2 27.8  94.79    8.66  49.76   7.49  45.03
 GeoMean  21.0   0.0   9.1  69.7   0.0 24.7 3890498.5 12717.6 24.4  3.7 11.4  94.77    8.65  49.75   7.48  45.00
  StdDev   1.8   0.0   1.5   0.6   0.0  7.3 660618.3 22255.5 13.9  4.9 46.9   2.01    0.36   0.94   0.26   1.68
-------- ----- ----- ----- ----- ----- ---- ------ ------ ---- ---- ---- ------  ------ ------ ------ ------
 Minimum  15.0   0.0   6.6  67.8   0.0  9.0 2586106.0 5209.0  2.0  1.0  1.0  90.25    7.98  47.49   7.06  41.22
 Maximum  24.6   0.0  14.5  71.5   0.0 53.0 5544091.0 138487.0 60.0 26.0 194.0  99.72    9.63  52.22   8.31  48.77
-------- ----- ----- ----- ----- ----- ---- ------ ------ ---- ---- ---- ------  ------ ------ ------ ------
Summary:
CPU:  94.79 Watts on average with standard deviation 2.01  
Note: power read from RAPL domains: dram, package-0, dram, package-1.
These readings do not cover all the hardware in this device.

Histogram (of 100 power measurements)

  Range (Watts)   Count
 90.248 -  91.194     3 #####
 91.195 -  92.142     6 ##########
 92.143 -  93.089     6 ##########
 93.090 -  94.036    24 ########################################
 94.037 -  94.984    17 ############################
 94.985 -  95.931    18 ##############################
 95.932 -  96.878     8 #############
 96.879 -  97.825     9 ###############
 97.826 -  98.773     5 ########
 98.774 -  99.720     4 ######

Histogram (of 100 CPU utilization measurements)

 Range (%CPU)   Count
28.525 - 28.890     1 #
28.891 - 29.257     0 
29.258 - 29.623     7 #########
29.624 - 29.990    28 ######################################
29.991 - 30.356    29 ########################################
30.357 - 30.723    12 ################
30.724 - 31.089     6 ########
31.090 - 31.456    12 ################
31.457 - 31.822     4 #####
31.823 - 32.188     1 #
